[GTINumeroXXX]
CorrectionVoie1Unipolaire=0.0457173375652331
CorrectionVoie1Differentiel=-0.00072878200628655
CorrectionVoie2Unipolaire=0.0153263954588457
CorrectionVoie2Differentiel=-0.000465102084414137
CorrectionVoie3Unipolaire=0.0358586382641074
CorrectionVoie3Differentiel=-0.00115359965819286
CorrectionVoie4Unipolaire=0.0222827845088045
CorrectionVoie4Differentiel=-0.000357066560869085
